$ANSIBLE_VAULT;1.1;AES256
33376230663635613135346366353138626535313530356266333965633436316262363061316537
3465343136313031656366356539366630386332373163330a353365376263363639613430663332
65346665616531386537346330333865353737313434636338373134393663306538633239653862
3633306436383561300a643165363266653264616638343331316239393430336234363464323837
31633764643563363137616138333636646164616661333039306633623634376561666566393764
63386137373637373061333437353234356565383435373732383032323734356164663437326165
62396366353662376335653436346466623766623839316136643636636337653439393939316162
61613033363933363332323336356336323065303739333261346365323733353835666566363739
30653862633061393437383431373032643031636466343739636661336433306464653738633032
66373031306136363563343434313437333463303266646638316666303438346562636138643133
62343933666264636636386437383339646131623237366634326636363136633861646133643162
34346438316234326433656661313230316265623336663130616334643134363239306530373536
64373461323533313363366637643463303430643134316438333161303531353830653766636632
65636462326165353765643062363434396161326134636333386539323632303237396433363665
30383834616466343532356235643438336531343137623463336664326336393630663935633061
34323130306433663966633664343464343961366332626166306136663365393366353766363962
38303864393737646434643332663834316362623933393538613036643666306633333836326164
35666232323539346164643062376230393863346638383033336533666536353662643839623639
333239363732613930663366383138393763
