$ANSIBLE_VAULT;1.1;AES256
38616336376438643037326430306465626232663438383639633962316166633565663863356137
6461373335393734303132366164336361363836326237350a383862613663356632636365666563
35643835383038393066613465393532346135376136653431633665363531303738343731363234
6461346236353939640a363432303638363735646165326138383636626132353739383262613239
38666565663331383462356563373935383737633639373564313235306665613038303738336538
38643336663933623831303162663230326238643638623535613564616233343332633765333662
34656438303364306362376432313565313333613566653133666664383363383930373566616162
34366166343739646463646435613036383061343563346261343735316339326430623866306434
63613737363265393430646136663030643861383165306333666565336131343636623939313839
34313339623335343763666134633834653030666139356239323266376135643430313066643736
35396161336239393761653631323339636466663636633162663861623635633937353336623362
33393637323761316564323735346165656463616136373237333061386662396562636534633935
3639
