$ANSIBLE_VAULT;1.1;AES256
31303237393135316462656534313833333266623866353931646466623964653137326362623437
3733373330643737666466376330323632653263386633350a636465393330656139376166663163
66393263336139633665613964303862616132303638663835306262386365343461626661616265
6335633337313831310a393062326532313532663261613861356164343033636265363532333061
34366634383062363961633061666165633534626635613532373165613231323834633161623735
66616130633563663335376535323130656137336664366331383663613039393530633036343462
65383035396566343066626566633963346137646262396633363537663338363939363738396139
37383765326461316562323765383030663839353134386465653366323331646335303866313139
31376535353132333038313435643935366238373533396161363932613262316662393738623964
35376434313239363763343365343466373962353961303335656262373763666566633362636436
35313937343663323466663037336464333961363135393631316661653261623034376430333761
33303339653637353062316337613030333430346234316331316333336334303737303130346463
62353534383834313033663362323465383039346463383636623831376431346233356132663333
65353161316262653366633362626465616434313062313666393532633834633364333163633931
33316631323535386135626231386437323563353238633866343933373636326163353233633732
37623237303331613135643836373037303637313132373335653261373161386561616234363439
61616666313938333862636339386131396666663461626530633764373439373832613961626563
65333963383062353066666139663939303966626439313231626537643765643963346633333138
37636164383532363233336133366235363065326165373264653565303065396330313537353364
36633837616132306633
