$ANSIBLE_VAULT;1.1;AES256
61653432386361633330383032656562313230323663353636386435653731353862663936643039
3462616261623932393739643133303830343533356263390a333439313563666162646232666630
38643739363438353634656363636462636162313133653263633034626166616339656364663161
3765383038666632380a656239343937316339643236353863613363316338353233656432636232
64326337626463633266376637353139376635303833366562626262356236363030333664386530
66346432633234396533313262613234666339666431383433323036333039326630363831326661
35383235383961393464636634383531343335333130386130343463373630396663346539323834
66303238633438326134396535353830393536383964313063316566663332633832333065666135
65646663313930323963623237346236343933366230353230323232363161373138376633383564
35353733303264646636383838356232663062306333373466343265333761613961343535646663
32313336663665613961663931333535346364646631653931336262316438326465343862623264
62626431633635356336373137376636336135343161313334313265663562646630396231323132
3137
